p0-2|20|0.55114|0|14|2,4,5,6,8,12,13,14,16,17,20
p0-2|20|0.55691|0|14|1,3,5,6,8,12,13,14,16,17,20
p0-2|20|0.55181|0|14|1,3,4,6,8,12,13,14,16,17,20
p27-32|20|0.56088|0|13|5,6,10,11,13,15
p27-32|20|0.55851|0|13|5,6,10,11,13,14,15,16,17
p27-32|20|0.55248|0|13|3,5,10,11,13,14,15,16,17,18,19,20
p27-32|20|0.55371|0|13|3,5,6,11,12,13,15
p27-32|20|0.57557|0|13|3,5,6,10,11,13,15
p27-32|20|0.55940|0|13|3,5,6,10,11,13,15,16,17,18
p27-32|20|0.55128|0|13|3,5,6,10,11,13,15,16,17,18,19,20
p27-32|20|0.55641|0|13|3,5,6,9,11,14,15,16,17,18
p27-32|20|0.55188|0|13|3,5,6,9,11,13,15,16,17,18
p27-32|20|0.56118|0|13|3,5,6,9,10,14,15,16,17,18
p27-32|20|0.55940|0|13|3,5,6,8,9,13,15
p27-32|20|0.55188|0|13|3,4,10,11,13,14,15,16,18
p27-32|20|0.56688|0|13|3,4,10,11,13,14,15,16,17
p27-32|20|0.56118|0|13|3,4,10,11,13,14,15,16,17,18,19,20
p27-32|20|0.55581|0|13|3,4,10,11,12,14,15,16,17
p27-32|20|0.55728|0|13|3,4,10,11,12,14,15,16,17,18,19,20
p27-32|20|0.55101|0|13|3,4,10,11,12,13,15,16,17
p27-32|20|0.57197|0|13|3,4,6,11,12,13,15
p27-32|20|0.55158|0|13|3,4,6,11,12,13,14
p27-32|20|0.56240|0|13|3,4,6,10,12,13,15
p27-32|20|0.55011|0|13|3,4,6,10,12,13,15,17,18
p27-32|20|0.55011|0|13|3,4,6,10,12,13,15,16,18
p27-32|20|0.55880|0|13|3,4,6,10,12,13,15,16,17
p27-32|20|0.55013|0|13|3,4,6,10,12,13,15,16,17,19,20
p27-32|20|0.55191|0|13|3,4,6,10,12,13,14
p27-32|20|0.56028|0|13|3,4,6,10,11,13,15
p27-32|20|0.55731|0|13|3,4,5,11,12,13,14,17,18
p27-32|20|0.55191|0|13|3,4,5,11,12,13,14,16,17
p27-32|20|0.55818|0|13|3,4,5,11,12,13,14,15,16,19
p27-32|20|0.55733|0|13|3,4,5,10,12,13,14,17,18
p27-32|20|0.55523|0|13|2,5,8,10,14,16,17
p27-32|20|0.55371|0|13|2,5,8,10,12,13,15,16,17,19
p27-32|20|0.55068|0|13|2,5,7,10,12,14,15,16,17,19
p27-32|20|0.57290|0|13|2,5,7,10,12,13,15,16,17,19
p27-32|20|0.56060|0|13|2,5,6,11,12,14,15,16,17,19
p27-32|20|0.56390|0|13|2,5,6,11,12,13,15
p27-32|20|0.57919|0|13|2,5,6,11,12,13,15,16,17,19
p27-32|20|0.55491|0|13|2,5,6,10,12,14,15
p27-32|20|0.57047|0|13|2,5,6,10,12,14,15,17,18,19
p27-32|20|0.57047|0|13|2,5,6,10,12,14,15,16,18,19
p27-32|20|0.57919|0|13|2,5,6,10,12,14,15,16,17,19
p27-32|20|0.55011|0|13|2,5,6,10,12,13,18
p27-32|20|0.56243|0|13|2,5,6,10,12,13,15
p27-32|20|0.55521|0|13|2,5,6,10,12,13,15,17,18,20
p27-32|20|0.55910|0|13|2,5,6,10,12,13,15,17,18,19,20
p27-32|20|0.55521|0|13|2,5,6,10,12,13,15,16,18,20
p27-32|20|0.55910|0|13|2,5,6,10,12,13,15,16,18,19,20
p27-32|20|0.57802|0|13|2,5,6,10,12,13,15,16,17,19
p27-32|20|0.55940|0|13|2,5,6,10,12,13,15,16,17,19,20
p27-32|20|0.56183|0|13|2,5,6,10,11,14,15,16,17,19
p27-32|20|0.55703|0|13|2,5,6,10,11,14,15,16,17,18
p27-32|20|0.55701|0|13|2,5,6,10,11,13,15
p27-32|20|0.56663|0|13|2,5,6,10,11,13,15,16,17,19
p27-32|20|0.56663|0|13|2,5,6,10,11,13,15,16,17,18
p27-32|20|0.58162|0|13|2,4,8,10,14,16,17
p27-32|20|0.55401|0|13|2,4,8,10,13,16,17
p27-32|20|0.55851|0|13|2,4,7,10,12,13,15,16,17,19
p27-32|20|0.56900|0|13|2,4,6,11,12,14,15,16,17,19
p27-32|20|0.57227|0|13|2,4,6,11,12,13,15
p27-32|20|0.55431|0|13|2,4,6,11,12,13,15,17,18,19
p27-32|20|0.55431|0|13|2,4,6,11,12,13,15,16,18,19
p27-32|20|0.57742|0|13|2,4,6,11,12,13,15,16,17,19
p27-32|20|0.55401|0|13|2,4,6,11,12,13,15,16,17,18
p27-32|20|0.55101|0|13|2,4,6,10,12,16,17
p27-32|20|0.56750|0|13|2,4,6,10,12,14,15
p27-32|20|0.55910|0|13|2,4,6,10,12,14,15,17,18,19
p27-32|20|0.55910|0|13|2,4,6,10,12,14,15,16,18,19
p27-32|20|0.58104|0|13|2,4,6,10,12,14,15,16,17,19
p27-32|20|0.55311|0|13|2,4,6,10,12,13,18
p27-32|20|0.58102|0|13|2,4,6,10,12,13,15
p27-32|20|0.55878|0|13|2,4,6,10,12,13,15,17,18
p27-32|20|0.57202|0|13|2,4,6,10,12,13,15,17,18,20
p27-32|20|0.57829|0|13|2,4,6,10,12,13,15,17,18,19
p27-32|20|0.55251|0|13|2,4,6,10,12,13,15,17,18,19,20
p27-32|20|0.55878|0|13|2,4,6,10,12,13,15,16,18
p27-32|20|0.57202|0|13|2,4,6,10,12,13,15,16,18,20
p27-32|20|0.57829|0|13|2,4,6,10,12,13,15,16,18,19
p27-32|20|0.55251|0|13|2,4,6,10,12,13,15,16,18,19,20
p27-32|20|0.55251|0|13|2,4,6,10,12,13,15,16,17
p27-32|20|0.57145|0|13|2,4,6,10,12,13,15,16,17,19
p27-32|20|0.57260|0|13|2,4,6,10,12,13,15,16,17,19,20
p27-32|20|0.55226|0|13|2,4,6,10,12,13,15,16,17,18
p27-32|20|0.57502|0|13|2,4,6,10,12,13,14
p27-32|20|0.56030|0|13|2,4,6,10,12,13,14,17,18,19
p27-32|20|0.55551|0|13|2,4,6,10,12,13,14,16,18,19
p27-32|20|0.55041|0|13|2,4,6,9,12,13,17
p27-32|20|0.55970|0|13|2,4,6,9,12,13,15
p27-32|20|0.55641|0|13|2,4,6,8,12,13,15
p27-32|20|0.55461|0|13|2,4,5,10,12,13,15
p27-32|20|0.55821|0|13|2,4,5,10,12,13,14
p27-32|20|0.56723|0|13|2,3,8,10,14,16,17
p27-32|20|0.55196|0|13|2,3,6,10,12,14,15,16,17,19
p27-32|20|0.55253|0|13|1,5,8,10,14,16,17
p27-32|20|0.56962|0|13|1,4,8,10,14,16,17
p27-32|20|0.55551|0|13|1,4,8,10,13,16,17
p27-32|20|0.56393|0|13|1,3,8,10,14,16,17
p27-32|20|0.55880|0|13|1,3,8,10,13,16,17
p27-32|20|0.55553|0|13|1,3,8,9,13,16,19
p27-32|20|0.55013|0|13|1,3,8,9,13,16,18
p27-32|20|0.55133|0|13|1,3,8,9,13,16,17
p27-32|20|0.55433|0|13|1,3,8,9,13,15,18
p27-32|20|0.56540|0|13|1,3,5,6,9,10,14,15,16,17,18
p27-32|20|0.55076|0|13|1,3,5,6,8,9,13,15,16,17,18
p27-32|20|0.55701|0|13|1,2,5,6,10,11,14,15,16,17,19
p27-32|20|0.56123|0|13|1,2,5,6,10,11,14,15,16,17,18
p27-32|20|0.55191|0|13|1,2,5,6,10,11,13,15,16,17,19
p27-32|20|0.55671|0|13|1,2,5,6,10,11,13,15,16,17,18
p27-32|20|0.55221|0|13|1,2,3,5,6,10,11,14,15,16,17,18
p27-32|20|0.57647|0|13|1,2,3,5,6,10,11,13,15,16,17,18
p27-32|20|0.56329|0|13|1,2,3,4,5,6,8,9,13,15,16,17,18,19,20
p27-32|20|0.57076|0|26|2,4,5,6,7,10,11,13,15,16,17
p27-32|20|0.56179|0|26|2,4,5,6,7,9,11,13,15,16,17
p27-32|20|0.55084|0|26|2,3,5,6,7,10,11,13,15,16,17,20
p27-32|20|0.55084|0|26|2,3,4,6,7,10,11,13,15,16,17,20
p27-32|20|0.55847|0|26|1,4,5,6,7,10,11,13,15,18,19,20
p27-32|20|0.56013|0|26|1,4,5,6,7,10,11,13,15,16,17,20
p27-32|20|0.55051|0|26|1,2,4,5,7,11,12,13
p40-53|20|0.55588|0|20|2,3,4,5,6,7,8,9,11,12,13,14,15,16,18,19,20
p40-53|20|0.58751|0|20|1,2,3,4,5,6,7,9,10,11,12,13,14,15,16,18,19,20
p40-53|20|0.58751|0|20|1,2,3,4,5,6,7,8,10,11,12,13,14,15,16,18,19,20
p40-53|20|0.55312|0|20|1,2,3,4,5,6,7,8,9,11,12,13,14,15,16,18,19,20
