p0-2|20|0.25372|0|1|1,2,3,4,5,6,7,8,9,10,11,12,13,14,15,16,17,18,19,20
p0-2|20|0.32179|0|2|2,3,5,6,8,10,11,12,14,17,18,19,20
p0-2|20|0.36781|0|3|1,2,5,7,9,11,14,15,16,17,18,19,20
p0-2|20|0.35862|0|4|3,4,6,9,11,12,13,14
p0-2|20|0.39120|0|5|1,2,3,4,5,9,12,13,19
p0-2|20|0.38987|0|6|1,2,5,7,8,11,14,15,16,17,18,19,20
p0-2|20|0.49449|0|7|1,3,5,6,7,9,11,13,14,15,17,18,19
p0-2|20|0.39484|0|8|2,5,6,7,10,14,15,16,17,18,19
p0-2|20|0.46681|0|9|1,2,3,7,8,11,13,15,16,17
p0-2|20|0.44290|0|10|1,2,3,4,5,9,12,13,19
p0-2|20|0.51577|0|11|1,3,5,6,10,11,12,13,14,15,16,17,18,19,20
p0-2|20|0.51973|0|12|1,2,5,8,9,10,13,14,15,16,18,19,20
p0-2|20|0.44832|0|13|1,2,3,4,5,7,8,9,10,11,13,14,15,16,17,19,20
p0-2|20|0.56711|0|14|1,4,5,6,8,12,13,14,16,17,20
p0-2|20|0.49757|0|15|1,3,4,5,7,9,13,14,15,16,17
p0-2|20|0.44301|0|16|3,4,6,8,12,14,15,16,17,18,19
p0-2|20|0.55890|0|17|5,6,8,9,10,14,16,17,19
p0-2|20|0.50474|0|18|1,2,3,8,9,10,13,14,16,17,18,19,20
p0-2|20|0.48681|0|19|3,4,5,6,7,8,10,11,12,18,19,20
p0-2|20|0.49393|0|20|1,2,3,4,5,9,12,13,17
p0-2|20|0.55519|0|21|1,4,5,6,7,12,14,15,16,20
p0-2|20|0.55519|0|21|1,3,4,6,7,12,14,15,16,20
p0-2|20|0.50867|0|22|2,3,4,6,8,10,12,19,20
p0-2|20|0.52416|0|23|1,2,3,5,6,7,8,9,11,13,14,15,16,17,18,19
p0-2|20|0.48413|0|24|4,5,7,10,12,14,15,16,17,18,19,20
p0-2|20|0.46824|0|25|1,3,4,5,6,7,8,12,15,16,17,18,20
p0-2|20|0.40843|0|26|1,2,3,4,5,7,8,10,11,12,13,14,15,16,17,19
p0-2|20|0.44967|0|27|6,7,9,12,17,18,19,20
p0-2|20|0.47056|0|28|2,3,4,6,7,9,11,13,15,16,17,18,20
p0-2|20|0.46137|0|29|2,5,8,10,12,14,15,16,18,20
p0-2|20|0.46137|0|29|2,5,8,10,12,13,15,16,18,20
p0-2|20|0.44782|0|30|5,7,9,16,18,19
p0-2|20|0.44782|0|30|4,7,9,16,18,19
p0-2|20|0.38786|0|31|1,2,8,9,13,17,18,20
p0-2|20|0.41222|0|32|3,4,5,6,7,8,9,10,11,12,13,14
p3-7|20|0.25851|0|1|1,2,3,4,5,6,7,8,9,10,11,12,13,14,15,16,17,18,19,20
p3-7|20|0.30059|0|2|1,4,6,7,8,11,13,15,16,18,19,20
p3-7|20|0.34571|0|3|1,2,3,6,10,11,12,13,14,15,16,17,18,19,20
p3-7|20|0.31537|0|4|1,4,6,7,8,9,10,11,13,15,16,20
p3-7|20|0.34611|0|5|1,2,3,4,5,6,9,13,20
p3-7|20|0.35211|0|6|1,4,6,11,13,15,17,18,19,20
p3-7|20|0.34725|0|7|1,2,3,7,9,10,11,12,13,20
p3-7|20|0.36849|0|8|3,4,5,6,7,9,10,14,16,17,20
p3-7|20|0.43071|0|9|1,2,5,7,12,14,15,16,17,18,19,20
p3-7|20|0.38395|0|10|3,4,7,8,10,11,12,13,15,16,17,18,19,20
p3-7|20|0.38911|0|11|2,6,9,11,14,15,16,17,18,19,20
p3-7|20|0.44173|0|12|1,4,6,11,13,15,17,20
p3-7|20|0.42819|0|13|4,5,6,7,8,14,17,18,20
p3-7|20|0.37966|0|14|1,2,4,5,14,16,17,18,19,20
p3-7|20|0.44586|0|15|1,3,4,5,6,7,8,9,10,11,12,13,14,15,16,17,18,19,20
p3-7|20|0.47146|0|16|3,4,5,6,7,9,10,13,15,16,20
p3-7|20|0.41824|0|17|1,2,3,5,8,9,10,11,12,13,15,16,17,18,19,20
p3-7|20|0.41824|0|17|1,2,3,5,8,9,10,11,12,13,14,16,17,18,19,20
p3-7|20|0.44767|0|18|1,2,3,5,6,7,9,11,13,15,16,18,19,20
p3-7|20|0.38006|0|19|2,4,6,7,8,10,13
p3-7|20|0.45765|0|20|3,4,5,8,9,10,11,16,17,18,19,20
p3-7|20|0.38504|0|21|1,2,3,7,13,14,15,16,17,18,19
p3-7|20|0.46802|0|22|1,4,5,9,10,11,12,13,16,20
p3-7|20|0.45255|0|23|3,4,8,16,17,18
p3-7|20|0.49438|0|24|2,4,6,7,8,10,11,13,15,17
p3-7|20|0.48897|0|25|4,5,7,8,9,10,12,14,20
p3-7|20|0.51742|0|26|1,5,6,8,14,15,17,20
p3-7|20|0.48603|0|27|1,2,5,6,7,8,9,11,12,14,17,18,19
p3-7|20|0.42011|0|28|1,4,5,8,9,11,13,15
p3-7|20|0.40695|0|29|1,2,3,4,6,7,9,10,11,15,16,17,18,19
p3-7|20|0.50049|0|30|1,4,6,8,10,11,12,15,17,18,19,20
p3-7|20|0.43590|0|31|1,3,5,7,8,9,12,14,15,16,17,19
p3-7|20|0.47626|0|32|1,3,4,6,7,8,10,13,15,16,20
p8-14|20|0.25370|0|1|1,2,3,4,5,6,7,8,9,10,11,12,13,14,15,16,17,18,19,20
p8-14|20|0.30192|0|2|3,4,7,9,10,12,13,14,15,17,19,20
p8-14|20|0.30192|0|2|3,4,7,9,10,11,13,14,15,17,19,20
p8-14|20|0.30112|0|3|1,3,4,5,6,8,9,10,13,14,18,19,20
p8-14|20|0.33256|0|4|1,2,4,6,8,9,12,13,14,16,17,18,19,20
p8-14|20|0.33256|0|4|1,2,4,6,8,9,11,13,14,16,17,18,19,20
p8-14|20|0.35167|0|5|2,3,6,7,10,15,20
p8-14|20|0.34953|0|6|3,4,5,6,8,9,10,12,13,17,19,20
p8-14|20|0.34953|0|6|3,4,5,6,8,9,10,11,13,17,19,20
p8-14|20|0.37976|0|7|1,3,7,8,12,13,18
p8-14|20|0.37976|0|7|1,3,7,8,11,13,18
p8-14|20|0.36220|0|8|1,3,4,6,7,9,10,12,13,14,15,16,18,20
p8-14|20|0.36220|0|8|1,3,4,6,7,9,10,11,13,14,15,16,18,20
p8-14|20|0.32773|0|9|3,4,5,6,7,8,12,13,15,16,19,20
p8-14|20|0.32773|0|9|3,4,5,6,7,8,11,13,15,16,19,20
p8-14|20|0.38754|0|10|1,2,3,9,10,12,15
p8-14|20|0.38754|0|10|1,2,3,9,10,11,15
p8-14|20|0.43031|0|11|1,2,5,6,7,9,10,11,12,16,18,19,20
p8-14|20|0.39455|0|12|1,3,5,7,8,9,10,13,14,16,17,18,19
p8-14|20|0.39043|0|13|1,5,7,9,10,11,12,13,14,15,16,17,18,19,20
p8-14|20|0.44307|0|14|1,3,4,8,11,12,18
p8-14|20|0.38997|0|15|2,3,4,5,12,15,18,19,20
p8-14|20|0.38997|0|15|2,3,4,5,12,14,18,19,20
p8-14|20|0.38997|0|15|2,3,4,5,11,15,18,19,20
p8-14|20|0.38997|0|15|2,3,4,5,11,14,18,19,20
p8-14|20|0.39518|0|16|3,4,5,6,8,9,10,12,13,14,15,16,18,20
p8-14|20|0.39518|0|16|3,4,5,6,8,9,10,11,13,14,15,16,18,20
p8-14|20|0.49363|0|17|1,2,4,5,7,8,9,10,11,12,15,18,19
p8-14|20|0.49363|0|17|1,2,4,5,7,8,9,10,11,12,14,18,19
p8-14|20|0.49363|0|17|1,2,3,5,7,8,9,10,11,12,15,18,19
p8-14|20|0.49363|0|17|1,2,3,5,7,8,9,10,11,12,14,18,19
p8-14|20|0.44973|0|18|2,3,4,5,6,7,8,12,13,15,16,20
p8-14|20|0.44973|0|18|2,3,4,5,6,7,8,11,13,15,16,20
p8-14|20|0.38500|0|19|3,7,10,11,12,13,14,15,20
p8-14|20|0.44393|0|20|1,3,4,5,9,10,12,14,20
p8-14|20|0.44393|0|20|1,3,4,5,9,10,11,14,20
p8-14|20|0.41954|0|21|1,3,4,5,6,7,8,9,11,12,13,14,15,16,17,18,19,20
p8-14|20|0.53143|0|22|1,4,5,6,8,9,10,11,12,16,18,19,20
p8-14|20|0.47526|0|23|2,4,5,6,7,8,9,10,11,12,13,15,16,20
p8-14|20|0.45007|0|24|1,3,5,7,12,13,14,16,17,18
p8-14|20|0.45007|0|24|1,3,5,7,11,13,14,16,17,18
p8-14|20|0.44516|0|25|1,2,3,4,5,6,7,10,12,13,14,15,20
p8-14|20|0.44516|0|25|1,2,3,4,5,6,7,10,11,13,14,15,20
p8-14|20|0.43575|0|26|5,6,9,10,11,12,13,14,15,16,17,18,19,20
p8-14|20|0.45316|0|27|3,5,6,9,10,12,14,17,20
p8-14|20|0.45316|0|27|3,5,6,9,10,11,14,17,20
p8-14|20|0.42845|0|28|6,8,9,12,16,18,19,20
p8-14|20|0.42845|0|28|6,8,9,11,16,18,19,20
p8-14|20|0.47028|0|29|1,2,3,4,6,7,8,9,10,11,12,14,15,16,17,19
p8-14|20|0.47028|0|29|1,2,3,4,5,7,8,9,10,11,12,14,15,16,17,19
p8-14|20|0.44417|0|30|2,3,4,9,12,13,16
p8-14|20|0.44417|0|30|2,3,4,9,11,13,16
p8-14|20|0.46455|0|31|2,4,7,10,11,12,14,15,16,17,19,20
p8-14|20|0.50784|0|32|2,4,6,7,13,14,15,20
p15-22|20|0.25952|0|1|1,2,3,4,5,6,7,8,9,10,11,12,13,14,15,16,17,18,19,20
p15-22|20|0.30925|0|2|1,4,5,6,7,8,9,10,11,14,15,16,17,18,19,20
p15-22|20|0.33793|0|3|7,10,11,14,15,17,19,20
p15-22|20|0.35325|0|4|1,4,7,8,9,10,11,14,17,18,19,20
p15-22|20|0.40320|0|5|1,9,13,14,15,16,17,18,20
p15-22|20|0.41079|0|6|4,5,6,7,10,11,14,15,16,19,20
p15-22|20|0.39057|0|7|1,2,3,4,7,10,11,12,15,18,19,20
p15-22|20|0.39057|0|7|1,2,3,4,7,9,11,12,15,18,19,20
p15-22|20|0.43182|0|8|1,4,7,8,9,10,11,13,17,18,19,20
p15-22|20|0.34945|0|9|1,2,3,4,5,6,7,13,14,15,16,17,18,19
p15-22|20|0.45320|0|10|1,9,11,12,13,14,17,18,19
p15-22|20|0.42953|0|11|1,2,4,5,6,7,8,9,10,11,13,14,15,16,17,20
p15-22|20|0.52284|0|12|1,2,3,4,5,6,7,10,11,14,19
p15-22|20|0.47979|0|13|1,4,5,6,8,9,10,11,12,14,15,16,17,18,19,20
p15-22|20|0.42149|0|14|1,4,7,9,11,12,17,18,19,20
p15-22|20|0.42867|0|15|1,2,3,4,6,7,10,11,12,13,14,16,18,20
p15-22|20|0.45280|0|16|1,4,7,8,9,10,11,13,17,18,19
p15-22|20|0.45594|0|17|3,5,6,9,11,13,14,15,16,19,20
p15-22|20|0.45594|0|17|1,3,5,6,9,11,13,14,15,16,19,20
p15-22|20|0.41973|0|18|3,6,13,14,15,16,17,18,20
p15-22|20|0.41973|0|18|3,6,13,14,15,16,17,18,19
p15-22|20|0.47812|0|19|1,6,7,8,10,12,13,15,16,18,20
p15-22|20|0.47812|0|19|1,6,7,8,10,12,13,15,16,18,19
p15-22|20|0.45936|0|20|1,5,6,7,8,9,11,13,14,16,19,20
p15-22|20|0.45936|0|20|1,5,6,7,8,9,11,13,14,15,19,20
p15-22|20|0.45028|0|21|1,2,4,5,6,7,9,10,14,15,18,19,20
p15-22|20|0.42848|0|22|8,11,12,14,15,16,17,20
p15-22|20|0.42971|0|23|2,3,4,5,6,7,9,10,12,20
p15-22|20|0.48967|0|24|1,2,3,4,7,10,11,14,17,18,19
p15-22|20|0.47561|0|25|2,3,4,5,6,12,13,14,15,16,17,18,19,20
p15-22|20|0.45089|0|26|2,4,5,6,7,8,9,10,11,13,14,15,20
p15-22|20|0.40306|0|27|1,2,3,5,7,8,9,10,14,18,19,20
p15-22|20|0.43067|0|28|1,4,7,9,10,11,15,18,19,20
p15-22|20|0.40746|0|29|1,2,4,5,7,8,10,11,12,18,19,20
p15-22|20|0.42343|0|30|2,3,4,5,9,10,11,13,15,16,17,19,20
p15-22|20|0.42343|0|30|2,3,4,5,9,10,11,13,15,16,17,18,20
p15-22|20|0.39985|0|31|1,3,13,18,19,20
p15-22|20|0.40737|0|32|1,4,9,11,13,14,18,19
p23-26|20|0.24381|0|1|1,2,3,4,5,6,7,8,9,10,11,12,13,14,15,16,17,18,19,20
p23-26|20|0.27700|0|2|1,2,4,5,6,7,8,9,10,11,12,13,14,15,16,17,18,20
p23-26|20|0.30270|0|3|4,7,9,10,13,14,15,16,17,19,20
p23-26|20|0.30648|0|4|2,3,4,5,6,7,8,9,11,13,17,20
p23-26|20|0.32380|0|5|4,6,7,9,11,20
p23-26|20|0.33285|0|6|1,2,4,5,8,9,10,15,18,20
p23-26|20|0.35292|0|7|1,2,3,4,6,8,9,10,11,12,13,14,15,16,20
p23-26|20|0.34647|0|8|4,7,8,9,11,16,19,20
p23-26|20|0.38319|0|9|2,3,4,5,10,11,14,15,17,20
p23-26|20|0.38319|0|9|2,3,4,5,10,11,13,15,17,20
p23-26|20|0.37787|0|10|4,6,8,9,11,20
p23-26|20|0.37302|0|11|2,4,10,12,13,18
p23-26|20|0.40467|0|12|4,6,7,10,15,17,18
p23-26|20|0.40629|0|13|3,4,5,6,7,8,13,14,15,16,17,18,19
p23-26|20|0.49972|0|14|1,3,6,7,8,9,10,11,12,13,14,15
p23-26|20|0.45617|0|15|2,3,4,5,7,9,13,15,17,20
p23-26|20|0.45115|0|16|1,2,7,8,10,11,15,17,18,20
p23-26|20|0.48372|0|17|2,6,9,10,11,12,13,14,19
p23-26|20|0.41547|0|18|5,6,7,10,11,12,13,14,17,20
p23-26|20|0.50511|0|19|1,2,3,6,7,8,9,10,11,12,13,14,15,16,17,18,19
p23-26|20|0.45429|0|20|4,5,6,9,11,20
p23-26|20|0.44276|0|21|1,2,4,5,6,7,8,9,10,11,13,14,15,16,18
p23-26|20|0.40485|0|22|3,6,9,12,13,15,16,17,19
p23-26|20|0.43021|0|23|1,2,3,5,6,7,8,9,13,14,15,16,18,19,20
p23-26|20|0.45011|0|24|4,6,7,9,15,16,18,20
p23-26|20|0.44398|0|25|1,2,3,4,5,8,9,10,11,12,15,18
p23-26|20|0.50671|0|26|3,6,7,8,9,12,15,16,20
p23-26|20|0.42727|0|27|1,2,4,5,15,19
p23-26|20|0.45086|0|28|4,5,7,8,12,15,16,17,18,19,20
p23-26|20|0.44977|0|29|4,5,7,11,12,15,20
p23-26|20|0.43557|0|30|1,3,4,5,7,8,10,15,20
p23-26|20|0.49913|0|31|1,2,4,5,6,10,13,14,15,16,17,19,20
p23-26|20|0.47490|0|32|9,11,12,13,15,17,18,20
p27-32|20|0.25305|0|1|1,2,3,4,5,6,7,8,9,10,11,12,13,14,15,16,17,18,19,20
p27-32|20|0.32483|0|2|1,2,3,5,7,10,11,14,17,18,19,20
p27-32|20|0.34284|0|3|2,3,4,5,6,7,9,10,12,13,14,15,16,17,19,20
p27-32|20|0.35518|0|4|1,3,4,8,9,11,14,15,18,19,20
p27-32|20|0.34213|0|5|1,2,4,7,8,9,10,15,18,19
p27-32|20|0.39906|0|6|1,2,7,8,9,11,12,13,15,16,17,18,20
p27-32|20|0.35707|0|7|1,8,12,20
p27-32|20|0.36421|0|8|1,2,3,4,7,8,11,14,15,16,17,18,19,20
p27-32|20|0.44173|0|9|2,3,4,5,6,7,9,11,12,13,14,15,16,17,19,20
p27-32|20|0.37915|0|10|1,2,3,6,7,9,11,13,16,18
p27-32|20|0.40663|0|11|1,2,3,4,5,6,8,9,10,12,13,14,15,16,18,20
p27-32|20|0.46857|0|12|2,3,7,8,10,13,15,17,18,19
p27-32|20|0.58252|0|13|2,5,6,10,12,13,15,17,18,19
p27-32|20|0.58252|0|13|2,5,6,10,12,13,15,16,18,19
p27-32|20|0.46800|0|14|5,6,8,12,13,14,15,16,17,18,19,20
p27-32|20|0.50992|0|15|1,2,5,6,9,10,11,12,13,15,18,20
p27-32|20|0.45884|0|16|1,2,4,5,6,7,15
p27-32|20|0.46660|0|17|1,2,3,5,7,8,9,10,11,14,15,16,17,18,20
p27-32|20|0.53843|0|18|3,7,8,11,12,13,14,15,16,17,18,19,20
p27-32|20|0.49701|0|19|1,7,10,11,12,13,15,19
p27-32|20|0.45284|0|20|2,9,10,11,12,14,15,17,20
p27-32|20|0.49059|0|21|1,3,6,8,9,11,13,14,15
p27-32|20|0.47856|0|22|1,3,6,7,9,11,12,13,14,15,16,17,18,19,20
p27-32|20|0.49852|0|23|3,4,6,7,8,9,10,11,13,14,16,19,20
p27-32|20|0.46878|0|24|2,3,5,9,10,12,13,14,19
p27-32|20|0.54335|0|25|2,4,5,8,9,10,16,17,18,19
p27-32|20|0.58503|0|26|2,4,5,6,7,10,11,13,15,16,17,20
p27-32|20|0.40895|0|27|1,5,7,8,10,11,12,13,14,15,17,18,19
p27-32|20|0.41979|0|28|1,6,7,8,9,13,14,16,18,19
p27-32|20|0.41968|0|29|2,4,6,7,12,14,15,19,20
p27-32|20|0.44885|0|30|2,3,7,8,9,10,11,12,13,15,16,17,20
p27-32|20|0.47073|0|31|1,5,10,11,12,17,18,19
p27-32|20|0.45865|0|32|1,4,5,6,7,8,9,10,11,12,13,15,16,17,18,20
p33-39|20|0.23943|0|1|1,2,3,4,5,6,7,8,9,10,11,12,13,14,15,16,17,18,19,20
p33-39|20|0.26337|0|2|1,2,4,7,8,9,12,13,14,16,18,19,20
p33-39|20|0.27238|0|3|1,2,7,8,9,10,11,12,13,14,15,16,17,19,20
p33-39|20|0.28015|0|4|1,6,9,10,11,15,16,17,18,19
p33-39|20|0.30160|0|5|1,2,5,6,9,10,11,12,13,14,15,16,20
p33-39|20|0.28184|0|6|1,2,3,6,7,8,10,13,15,16,18,19
p33-39|20|0.31654|0|7|1,2,3,4,6,14,16,17,18,20
p33-39|20|0.31213|0|8|2,3,7,8,9,10,11,12,13,14,16,18,19,20
p33-39|20|0.31851|0|9|2,3,4,5,7,10,11,13,15,18,20
p33-39|20|0.32007|0|10|2,3,4,11,12,13,14,15,16,20
p33-39|20|0.34334|0|11|2,3,4,6,7,10,14,17,18
p33-39|20|0.30133|0|12|1,6,9,10,11,15,16,17,18,19
p33-39|20|0.34984|0|13|3,5,7,10,11,12,13,14,16,19
p33-39|20|0.32549|0|14|1,2,10,11,12,14,16,18
p33-39|20|0.37553|0|15|1,2,12,13,14,15,16,20
p33-39|20|0.37436|0|16|1,4,7,8,9,10,19
p33-39|20|0.37764|0|17|5,6,7,8,9,10,15,16
p33-39|20|0.36670|0|18|2,4,10,12,13,15,16,18,19,20
p33-39|20|0.39561|0|19|3,4,5,10,14,15,16,17,18
p33-39|20|0.36650|0|20|1,7,10,11,12,13,14,17,18
p33-39|20|0.34817|0|21|1,2,3,10,14,15,16,18,20
p33-39|20|0.41002|0|22|2,3,4,6,7,10,14,17,18
p33-39|20|0.39568|0|23|1,2,3,5,7,8,10,11,12,13,14,15,16,18,19,20
p33-39|20|0.40072|0|24|1,7,8,9,10,11,12,15,18,19,20
p33-39|20|0.42175|0|25|1,2,3,4,6,7,8,9,10,11,15,16,20
p33-39|20|0.38000|0|26|1,2,3,5,8,10,11,12,13,14,16,19
p33-39|20|0.38292|0|27|1,2,3,5,6,8,11,13,15,17,18,19
p33-39|20|0.35688|0|28|1,3,4,5,6,10,12,13,14,16,17,19,20
p33-39|20|0.48541|0|29|1,2,4,5,7,8,9,11,12,14,15,16,17,18
p33-39|20|0.41363|0|30|1,3,4,5,9,18,19,20
p33-39|20|0.37195|0|31|4,5,6,7,8,9,10,11,15,17,19
p33-39|20|0.38191|0|32|3,6,8,9,20
p40-53|20|0.25030|0|1|1,2,3,4,5,6,7,8,9,10,11,12,13,14,15,16,17,18,19,20
p40-53|20|0.30662|0|2|1,3,4,5,6,7,9,12,13,14,15,16,19,20
p40-53|20|0.35231|0|3|1,2,3,4,6,7,8,9,10,12,14,15,16,17,18,19,20
p40-53|20|0.35839|0|4|1,3,5,8,9,12,14,16,19,20
p40-53|20|0.41841|0|5|1,2,3,4,5,6,7,8,9,10,11,12,13,15,16,17,18,19
p40-53|20|0.39087|0|6|3,6,7,8,13,14,15,18,20
p40-53|20|0.40694|0|7|1,5,7,8,12,13,14,16,17,19,20
p40-53|20|0.40694|0|7|1,5,6,8,12,13,14,16,17,19,20
p40-53|20|0.39933|0|8|1,2,3,7,9,11,14,15,19
p40-53|20|0.39933|0|8|1,2,3,6,9,11,14,15,19
p40-53|20|0.40459|0|9|1,2,4,7,8,14,15,16,17,18,20
p40-53|20|0.53511|0|10|1,2,3,4,5,6,7,8,9,10,11,12,13,15,16,17,18,19
p40-53|20|0.43825|0|11|1,2,3,4,5,6,7,8,9,10,11,12,13,14,15,16,17,18
p40-53|20|0.50765|0|12|1,3,5,6,8,13,14,15,19,20
p40-53|20|0.46940|0|13|2,5,6,7,9,14,18,20
p40-53|20|0.44457|0|14|4,7,10,12,13,18,20
p40-53|20|0.44457|0|14|4,6,10,12,13,18,20
p40-53|20|0.51019|0|15|1,2,3,4,7,8,9,10,11,14,17,18,19,20
p40-53|20|0.47035|0|16|1,2,3,7,9,11,13,14
p40-53|20|0.47035|0|16|1,2,3,6,9,11,13,14
p40-53|20|0.43369|0|17|2,8,9,11,15,16,20
p40-53|20|0.51316|0|18|1,3,4,5,6,7,9,12,18,20
p40-53|20|0.40358|0|19|1,3,4,6,7,8,9,10,11,13,17,19,20
p40-53|20|0.59027|0|20|2,3,4,5,6,7,9,10,11,12,13,14,15,16,18,19,20
p40-53|20|0.59027|0|20|2,3,4,5,6,7,8,10,11,12,13,14,15,16,18,19,20
p40-53|20|0.50720|0|21|1,3,12,13,15,16,17,19
p40-53|20|0.44699|0|22|1,2,9,16,17,18
p40-53|20|0.50242|0|23|2,3,4,10,14,17,18,20
p40-53|20|0.47388|0|24|3,5,7,8,13,14,15,19,20
p40-53|20|0.50969|0|25|1,2,6,8,9,14,15,18
p40-53|20|0.49479|0|26|2,3,5,9,12,14,15,20
p40-53|20|0.49479|0|26|2,3,5,8,12,14,15,20
p40-53|20|0.53946|0|27|1,2,4,5,6,7,8,9,12,14,16,19,20
p40-53|20|0.46367|0|28|1,12,13,18,20
p40-53|20|0.43287|0|29|1,2,3,4,6,7,12,14,15,16,18
p40-53|20|0.47522|0|30|1,3,4,7,8,9,10,11,14,16,17,18,20
p40-53|20|0.47522|0|30|1,3,4,6,8,9,10,11,14,16,17,18,20
p40-53|20|0.43589|0|31|3,4,11,15,16,17,18,19,20
p40-53|20|0.44119|0|32|1,4,7,8,9,11,15
p40-53|20|0.44119|0|32|1,4,6,8,9,11,15
p54-55|6|0.23699|0|1|1,2,3,4,5,6
p54-55|6|0.26377|0|2|1,2,4,5,6
p54-55|6|0.29913|0|3|1,3,5
p54-55|6|0.32510|0|4|1,2,4
p54-55|6|0.28694|0|5|4,5
p54-55|6|0.32504|0|6|1,3,6
p54-55|6|0.28695|0|7|1
p54-55|6|0.47630|0|8|1,2,4
p54-55|6|0.27813|0|9|1,3,5
p54-55|6|0.31556|0|10|4,5,6
p54-55|6|0.28537|0|11|5
p54-55|6|0.35471|0|12|1,4,5
p54-55|6|0.32774|0|13|3
p54-55|6|0.31135|0|14|
p54-55|6|0.30200|0|15|
p54-55|6|0.48538|0|16|1,2,4
p54-55|6|0.32733|0|17|1,2,3,4,5,6
p54-55|6|0.37584|0|18|1,3,5
p54-55|6|0.30792|0|19|1,2,3,5
p54-55|6|0.26505|0|20|1,2
p54-55|6|0.38050|0|21|2,3,4,6
p54-55|6|0.33000|0|22|1,2,4
p54-55|6|0.30972|0|23|2,6
p54-55|6|0.41172|0|24|1,2,4
p54-55|6|0.26863|0|25|
p54-55|6|0.26644|0|26|2,4
p54-55|6|0.20513|0|27|3,4
p54-55|6|0.21547|0|28|2,4,5
p54-55|6|0.28147|0|29|3
p54-55|6|0.20851|0|30|4,5,6
p54-55|6|0.17805|0|31|2,6
p54-55|6|0.29944|0|32|1,2,4,6
0_warning|1|0.91683|0|1|
0_warning|1|0.88915|0|2|
0_warning|1|0.64569|0|3|1
0_warning|1|0.91317|0|4|
0_warning|1|0.78369|0|5|1
0_warning|1|0.54033|0|6|1
0_warning|1|0.77589|0|7|
0_warning|1|0.71344|0|8|
0_warning|1|0.50977|0|9|1
0_warning|1|0.63189|0|10|1
0_warning|1|0.43942|0|11|
0_warning|1|0.57421|0|12|1
0_warning|1|0.23932|0|13|
0_warning|1|0.48864|0|14|
0_warning|1|0.15630|0|15|1
0_warning|1|0.17815|0|16|1
0_warning|1|0.40441|0|17|
0_warning|1|0.05498|0|18|1
0_warning|1|-0.22961|0|19|
0_warning|1|0.21832|0|20|
0_warning|1|0.07354|0|21|1
0_warning|1|-0.17944|0|22|
0_warning|1|0.26243|0|23|1
0_warning|1|-0.04112|0|24|1
0_warning|1|-0.01138|0|25|1
0_warning|1|-0.04436|0|26|1
0_warning|1|-0.20499|0|27|1
0_warning|1|0.07125|0|28|1
0_warning|1|-0.30520|0|29|
0_warning|1|-0.14877|0|30|
0_warning|1|-0.01330|0|31|1
0_warning|1|-0.18755|0|32|1
0_welcome|20|0.46393|0|1|1,2,3,4,5,6,7,8,9,10,11,12,13,14,15,16,17,18,19,20
0_welcome|20|0.63556|0|2|4,5,6,7,11,12,14,15,16,19,20
0_welcome|20|0.63556|0|2|4,5,6,7,10,12,14,15,16,19,20
0_welcome|20|0.63556|0|2|3,5,6,7,11,12,14,15,16,19,20
0_welcome|20|0.63556|0|2|3,5,6,7,10,12,14,15,16,19,20
0_welcome|20|0.57441|0|3|1,2,6,10,11,12,14,15,17,18,19
0_welcome|20|0.85740|0|4|1,4,5,6,7,9,12,14,19,20
0_welcome|20|0.85740|0|4|1,3,5,6,7,9,12,14,19,20
0_welcome|20|0.57946|0|5|1,2,4,7,12,15,16
0_welcome|20|0.57946|0|5|1,2,3,7,12,15,16
0_welcome|20|0.72041|0|6|4,7,10,11,14,15,16,17,18,19,20
0_welcome|20|0.72041|0|6|3,7,10,11,14,15,16,17,18,19,20
0_welcome|20|0.62000|0|7|4,5,6,9,10,11,13,15
0_welcome|20|0.62000|0|7|3,5,6,9,10,11,13,15
0_welcome|20|0.90182|0|8|4,5,6,7,9,12,14,18,20
0_welcome|20|0.90182|0|8|3,5,6,7,9,12,14,18,20
0_welcome|20|0.64445|0|9|2,6,7,8,9,10,11,12,13,14,17,18,19
0_welcome|20|0.63282|0|10|1,2,3,4,5,6,8,9,10,11,12,14,15,16,19,20
0_welcome|20|0.61887|0|11|1,2,4,5,6,16,17,18,20
0_welcome|20|0.61887|0|11|1,2,3,5,6,16,17,18,20
0_welcome|20|0.72771|0|12|4,5,6,7,9,11,14,17,18,19
0_welcome|20|0.72771|0|12|4,5,6,7,9,10,14,17,18,19
0_welcome|20|0.72771|0|12|3,5,6,7,9,11,14,17,18,19
0_welcome|20|0.72771|0|12|3,5,6,7,9,10,14,17,18,19
0_welcome|20|0.55250|0|13|1,4,5,6,8,11,13,18,19
0_welcome|20|0.55250|0|13|1,4,5,6,8,10,13,18,19
0_welcome|20|0.55250|0|13|1,3,5,6,8,11,13,18,19
0_welcome|20|0.55250|0|13|1,3,5,6,8,10,13,18,19
0_welcome|20|0.70223|0|14|4,5,6,8,10,11,14,15,16,17,18,19,20
0_welcome|20|0.70223|0|14|3,5,6,8,10,11,14,15,16,17,18,19,20
0_welcome|20|0.64755|0|15|1,2,3,4,5,8,14,16,17,18,20
0_welcome|20|0.74770|0|16|1,2,4,5,6,7,11,12,14,18,20
0_welcome|20|0.74770|0|16|1,2,4,5,6,7,10,12,14,18,20
0_welcome|20|0.74770|0|16|1,2,3,5,6,7,11,12,14,18,20
0_welcome|20|0.74770|0|16|1,2,3,5,6,7,10,12,14,18,20
0_welcome|20|0.71620|0|17|1,4,5,10,11,13,15,18,19,20
0_welcome|20|0.71620|0|17|1,3,5,10,11,13,15,18,19,20
0_welcome|20|0.65777|0|18|2,6,7,8,9,10,11,12,13,14,17,18,19,20
0_welcome|20|0.65953|0|19|1,6,12,19,20
0_welcome|20|0.63560|0|20|1,3,4,7,8,9,14,17,20
0_welcome|20|0.62656|0|21|6,7,8,9,10,11,12,13,15
0_welcome|20|0.61130|0|22|1,3,4,5,6,11,12,14,20
0_welcome|20|0.61130|0|22|1,3,4,5,6,10,12,14,20
0_welcome|20|0.58736|0|23|1,2,6,7,8,10,11,12,13,15
0_welcome|20|0.65231|0|24|1,2,5,6,7,8,12,13
0_welcome|20|0.59580|0|25|8,13,14,17
0_welcome|20|0.57306|0|26|1,2,4,5,6,7,9,10,11,12,13,17,18,19,20
0_welcome|20|0.57306|0|26|1,2,3,5,6,7,9,10,11,12,13,17,18,19,20
0_welcome|20|0.62962|0|27|1,2,6,10,11,12,13,15,17,18,19
0_welcome|20|0.60485|0|28|1,2,5,6,8,9,10,11,13,14,15,16,18
0_welcome|20|0.58436|0|29|1,2,4,8,9,10,11,12,13,16,20
0_welcome|20|0.58436|0|29|1,2,3,8,9,10,11,12,13,16,20
0_welcome|20|0.61447|0|30|1,2,3,4,14,17,18,19,20
0_welcome|20|0.52003|0|31|1,6,8,9
0_welcome|20|0.50423|0|32|1,2,4,5,7,8,9,11,14,15,16,17,18,19,20
0_welcome|20|0.50423|0|32|1,2,4,5,7,8,9,10,14,15,16,17,18,19,20
0_welcome|20|0.50423|0|32|1,2,3,5,7,8,9,11,14,15,16,17,18,19,20
0_welcome|20|0.50423|0|32|1,2,3,5,7,8,9,10,14,15,16,17,18,19,20
0_wisdom|5|0.82591|0|1|1,2,3,4,5
0_wisdom|5|0.85947|0|2|1,2,3,4,5
0_wisdom|5|0.87825|0|3|3,4,5
0_wisdom|5|0.87825|0|3|2,4,5
0_wisdom|5|0.91175|0|4|4,5
0_wisdom|5|0.82674|0|5|1,3,4
0_wisdom|5|0.82674|0|5|1,2,4
0_wisdom|5|0.83130|0|6|1,2,3,4
0_wisdom|5|0.77328|0|7|1,3,4
0_wisdom|5|0.77328|0|7|1,2,4
0_wisdom|5|0.76718|0|8|4
0_wisdom|5|0.70171|0|9|1,4,5
0_wisdom|5|0.60641|0|10|1,4,5
0_wisdom|5|0.49974|0|11|1,3,4,5
0_wisdom|5|0.49974|0|11|1,2,4,5
0_wisdom|5|0.71552|0|12|1,2,3,4
0_wisdom|5|0.55621|0|13|1,2,3
0_wisdom|5|0.49888|0|14|4,5
0_wisdom|5|0.24044|0|15|
0_wisdom|5|0.24443|0|16|1,2,3
0_wisdom|5|0.27879|0|17|1,2,3,5
0_wisdom|5|0.28649|0|18|
0_wisdom|5|0.15378|0|19|4
0_wisdom|5|0.27801|0|20|4,5
0_wisdom|5|0.09641|0|21|2,3,4,5
0_wisdom|5|0.34639|0|22|2,3,4
0_wisdom|5|-0.06256|0|23|2,3,4,5
0_wisdom|5|0.36527|0|24|
0_wisdom|5|0.05457|0|25|1,5
0_wisdom|5|0.05823|0|26|3,5
0_wisdom|5|0.05823|0|26|2,5
0_wisdom|5|-0.05569|0|27|1,2,3
0_wisdom|5|-0.04680|0|28|2,3
0_wisdom|5|-0.30551|0|29|1,2,3,4
0_wisdom|5|-0.47187|0|30|5
0_wisdom|5|-0.40838|0|31|3
0_wisdom|5|-0.40838|0|31|2
0_wisdom|5|-0.77259|0|32|1,3
0_wisdom|5|-0.77259|0|32|1,2
0_koan_1|20|0.82292|0|1|
0_koan_1|20|0.84586|0|2|3,20
0_koan_1|20|0.87063|0|3|6,12,13,16,17
0_koan_1|20|0.88349|0|4|3,9,10,20
0_koan_1|20|0.91487|0|5|2,4,8,15,19
0_koan_1|20|0.89052|0|6|4,9,10,11,12,13,17,19
0_koan_1|20|0.91207|0|7|1,3,6,7,9,11,15,18
0_koan_1|20|0.92195|0|8|1,3,7,8,16,17,18,19,20
0_koan_1|20|0.90983|0|9|6,7,9,10,11,13,15,16,20
0_koan_1|20|0.95502|0|10|1,3,9,13,16
0_koan_1|20|0.91699|0|11|1,3,4,6,7,8,9,11,12,13,14,16,17,18,19,20
0_koan_1|20|0.88792|0|12|3,4,6,7,12,13,16,17,20
0_koan_1|20|0.90801|0|13|2,3,6,7,8,12,13,14,15,16,17,18,20
0_koan_1|20|0.89652|0|14|1,3,4,7,13,14
0_koan_1|20|0.92555|0|15|2,5,6,7,11,16,17
0_koan_1|20|0.89011|0|16|3,4,6,11,16
0_koan_1|20|0.88106|0|17|6,9,11,12,13,14,17
0_koan_1|20|0.89307|0|18|1,2,3,7,8,9,11,12,15,17,19
0_koan_1|20|0.86701|0|19|1,4,5,7,8,11,12,13,14,15,16,18,19
0_koan_1|20|0.88425|0|20|2,3,8,10,13,14,16,18,19,20
0_koan_1|20|0.85963|0|21|3,6,9,10,12,13,16,18,19
0_koan_1|20|0.86382|0|22|1,4,5,7,8,10,11,13,20
0_koan_1|20|0.84770|0|23|4,5,7,8,11,12,13,14,15,16,17,18
0_koan_1|20|0.83569|0|24|2,3,4,5,6,8,11,15,17,19
0_koan_1|20|0.83097|0|25|1,5,6,7,8,9,10,11,12,14,15,17,18,19,20
0_koan_1|20|0.81605|0|26|3,6,10,11,12,14,15,16,17,18,19,20
0_koan_1|20|0.82362|0|27|2,3,4,5,6,11,14,16,18,19,20
0_koan_1|20|0.76188|0|28|1,2,5,8,13,14
0_koan_1|20|0.80543|0|29|1,3,5,6,8,10,16,17
0_koan_1|20|0.80823|0|30|1,2,4,7,8,12,13,15,18
0_koan_1|20|0.75602|0|31|3,8,9,10,14,15,17,18,19,20
0_koan_1|20|0.78839|0|32|1,2,3,7,8,11,19
0_loss_of_divinity|8|0.99844|0|1|
0_loss_of_divinity|8|0.99758|0|2|3,4
0_loss_of_divinity|8|0.99548|0|3|1,4,7
0_loss_of_divinity|8|0.98466|0|4|2,6,7
0_loss_of_divinity|8|0.97123|0|5|1,2,3,4,5,7
0_loss_of_divinity|8|0.95364|0|6|1,6,7,8
0_loss_of_divinity|8|0.95033|0|7|1,2
0_loss_of_divinity|8|0.93672|0|8|4
0_loss_of_divinity|8|0.89207|0|9|3,4,8
0_loss_of_divinity|8|0.89564|0|10|1,2,3,4,6,7,8
0_loss_of_divinity|8|0.90274|0|11|1,2,3,5,6,7
0_loss_of_divinity|8|0.87356|0|12|1,2,6,7
0_loss_of_divinity|8|0.85706|0|13|1,2,5,6,7,8
0_loss_of_divinity|8|0.83737|0|14|3,4
0_loss_of_divinity|8|0.84633|0|15|1,4,8
0_loss_of_divinity|8|0.83144|0|16|2,3,4,6,7
0_loss_of_divinity|8|0.82408|0|17|1,3
0_loss_of_divinity|8|0.78440|0|18|2,4,7,8
0_loss_of_divinity|8|0.82927|0|19|1,2,3,5,6,7,8
0_loss_of_divinity|8|0.84965|0|20|1,3,4,6
0_loss_of_divinity|8|0.80478|0|21|1,5,6,7,8
0_loss_of_divinity|8|0.81473|0|22|2,4,7,8
0_loss_of_divinity|8|0.72799|0|23|4,8
0_loss_of_divinity|8|0.75176|0|24|1,2,3,4,5,8
0_loss_of_divinity|8|0.77322|0|25|1,3,4,6
0_loss_of_divinity|8|0.72813|0|26|2,5,6,7,8
0_loss_of_divinity|8|0.72284|0|27|1,2,3,4,5,8
0_loss_of_divinity|8|0.69291|0|28|3,7,8
0_loss_of_divinity|8|0.69115|0|29|1,5,7
0_loss_of_divinity|8|0.69457|0|30|1,4
0_loss_of_divinity|8|0.69779|0|31|3
0_loss_of_divinity|8|0.67699|0|32|4,5
jpg107-167|5|0.38712|0|1|1,2,3,4,5
jpg107-167|5|0.38314|0|2|1,2,3,4,5
jpg107-167|5|0.42154|0|3|1,4,5
jpg107-167|5|0.36994|0|4|1,2,3
jpg107-167|5|0.42017|0|5|1,2,3,4
jpg107-167|5|0.41453|0|6|1,4,5
jpg107-167|5|0.42005|0|7|2,4,5
jpg107-167|5|0.41039|0|8|1,2,3
jpg107-167|5|0.48602|0|9|1,4,5
jpg107-167|5|0.41828|0|10|1,3,4,5
jpg107-167|5|0.40501|0|11|1,3,4,5
jpg107-167|5|0.30480|0|12|1,3
jpg107-167|5|0.74200|0|13|2,4
jpg107-167|5|0.35611|0|14|1,5
jpg107-167|5|0.31099|0|15|1,4,5
jpg107-167|5|0.32266|0|16|1,2
jpg107-167|5|0.38528|0|17|1,2,3,4
jpg107-167|5|0.38127|0|18|1,2,5
jpg107-167|5|0.34112|0|19|3
jpg107-167|5|0.45235|0|20|1,4
jpg107-167|5|0.41041|0|21|1,4,5
jpg107-167|5|0.35028|0|22|2,3,4
jpg107-167|5|0.25515|0|23|1,4,5
jpg107-167|5|0.32212|0|24|1,3
jpg107-167|5|0.19144|0|25|1,5
jpg107-167|5|0.57273|0|26|3,4
jpg107-167|5|0.31905|0|27|2,3,5
jpg107-167|5|0.16390|0|28|1,3,5
jpg107-167|5|0.28642|0|29|4,5
jpg107-167|5|0.32226|0|30|1,2,4,5
jpg107-167|5|0.18126|0|31|1,2,5
jpg107-167|5|0.13815|0|32|3,5
jpg229|2|0.96275|0|1|1,2
jpg229|2|0.87772|0|2|
jpg229|2|0.66433|0|3|
jpg229|2|0.67796|0|4|
jpg229|2|0.79821|0|5|1,2
jpg229|2|0.39461|0|6|1,2
jpg229|2|0.80939|0|7|2
jpg229|2|0.80939|0|7|1
jpg229|2|0.20909|0|8|2
jpg229|2|0.20909|0|8|1
jpg229|2|0.17573|0|9|
jpg229|2|0.47465|0|10|
jpg229|2|0.23380|0|11|1,2
jpg229|2|-0.08032|0|12|
jpg229|2|0.01706|0|13|
jpg229|2|-0.01536|0|14|2
jpg229|2|-0.01536|0|14|1
jpg229|2|-0.08491|0|15|1,2
jpg229|2|-0.38903|0|16|
jpg229|2|-0.63911|0|17|
jpg229|2|-0.55790|0|18|2
jpg229|2|-0.55790|0|18|1
jpg229|2|-0.67101|0|19|1,2
jpg229|2|-0.98167|0|20|
jpg229|2|-0.86491|0|21|
jpg229|2|-1.12440|0|22|
jpg229|2|-1.37521|0|23|1,2
jpg229|2|-1.45731|0|24|1,2
jpg229|2|-0.97944|0|25|1,2
jpg229|2|-1.10796|0|26|2
jpg229|2|-1.10796|0|26|1
jpg229|2|-1.36985|0|27|
jpg229|2|-2.34944|0|28|2
jpg229|2|-2.34944|0|28|1
jpg229|2|-1.70641|0|29|
jpg229|2|-0.97766|0|30|1,2
jpg229|2|-1.16848|0|31|
jpg229|2|-1.16848|0|31|2
jpg229|2|-1.16848|0|31|1
jpg229|2|-1.72983|0|32|
p56_an_end|5|0.19910|0|1|1,2,3,4,5
p56_an_end|5|0.41107|0|2|1,4,5
p56_an_end|5|0.42629|0|3|1,2,3
p56_an_end|5|0.45827|0|4|1,4,5
p56_an_end|5|0.44886|0|5|1
p56_an_end|5|0.41252|0|6|3,4,5
p56_an_end|5|0.38129|0|7|1,3,4,5
p56_an_end|5|0.38129|0|7|1,2,4,5
p56_an_end|5|0.43208|0|8|1
p56_an_end|5|0.24734|0|9|2,3,4
p56_an_end|5|0.32505|0|10|1,3
p56_an_end|5|0.18514|0|11|1,2,4
p56_an_end|5|0.18364|0|12|
p56_an_end|5|0.39616|0|13|2,3,4
p56_an_end|5|-0.10476|0|14|1
p56_an_end|5|-0.25696|0|15|1
p56_an_end|5|-0.28871|0|16|1,2,5
p56_an_end|5|-0.54520|0|17|2,3,4
p56_an_end|5|-0.59386|0|18|2,3,5
p56_an_end|5|-0.87452|0|19|1,4,5
p56_an_end|5|-0.80518|0|20|4
p56_an_end|5|-0.83492|0|21|3
p56_an_end|5|-0.83492|0|21|2
p56_an_end|5|-0.83492|0|21|1
p56_an_end|5|-0.83492|0|21|1,4
p56_an_end|5|-0.83492|0|21|1,3
p56_an_end|5|-0.83492|0|21|1,2
p56_an_end|5|-0.94904|0|22|1,5
p56_an_end|5|-0.94904|0|22|1,3,5
p56_an_end|5|-0.94904|0|22|1,3,4
p56_an_end|5|-0.94904|0|22|1,2,5
p56_an_end|5|-0.94904|0|22|1,2,3
p56_an_end|5|-0.94904|0|22|1,2,3,5
p56_an_end|5|-0.82960|0|23|2,3,4,5
p56_an_end|5|-0.82960|0|23|1,3,4,5
p56_an_end|5|-0.82960|0|23|1,2,4,5
p56_an_end|5|-0.82960|0|23|1,2,3
p56_an_end|5|-0.77369|0|24|4,5
p56_an_end|5|-0.77369|0|24|3,5
p56_an_end|5|-0.77369|0|24|2,5
p56_an_end|5|-0.77369|0|24|2,3,4,5
p56_an_end|5|-0.77369|0|24|1,5
p56_an_end|5|-0.77369|0|24|1,3,4,5
p56_an_end|5|-0.77369|0|24|1,2,4,5
p56_an_end|5|-0.77369|0|25|4,5
p56_an_end|5|-1.00904|0|26|1,2
p56_an_end|5|-0.77369|0|27|3,4
p56_an_end|5|-0.77369|0|27|1,2
p56_an_end|5|-0.99223|0|28|
p56_an_end|5|-0.99223|0|28|5
p56_an_end|5|-0.77369|0|29|1,2,3
p56_an_end|5|-0.97766|0|30|2,3,4,5
p56_an_end|5|-0.77369|0|31|1,4
p56_an_end|5|-0.77369|0|31|1,4,5
p56_an_end|5|-0.77369|0|31|1,3
p56_an_end|5|-0.77369|0|31|1,3,5
p56_an_end|5|-0.77369|0|31|1,3,4
p56_an_end|5|-0.77369|0|31|1,2
p56_an_end|5|-0.77369|0|31|1,2,5
p56_an_end|5|-0.77369|0|31|1,2,4
p56_an_end|5|-0.77369|0|31|1,2,4,5
p56_an_end|5|-0.77369|0|31|1,2,3
p56_an_end|5|-0.77369|0|31|1,2,3,5
p56_an_end|5|-0.96491|0|32|
p56_an_end|5|-0.96491|0|32|5
p56_an_end|5|-0.96491|0|32|4
p56_an_end|5|-0.96491|0|32|3
p56_an_end|5|-0.96491|0|32|2
p56_an_end|5|-0.96491|0|32|2,5
p57_parable|3|0.95510|0|1|
p57_parable|3|0.80339|0|2|1,2
p57_parable|3|0.84246|0|3|1,2,3
p57_parable|3|0.87582|0|4|1,3
p57_parable|3|0.77458|0|5|1,2
p57_parable|3|0.63893|0|6|1,2
p57_parable|3|0.61164|0|7|1,3
p57_parable|3|0.35592|0|8|1,3
p57_parable|3|0.50414|0|9|3
p57_parable|3|0.53219|0|10|1,3
p57_parable|3|0.34024|0|11|1,2,3
p57_parable|3|0.07647|0|12|2,3
p57_parable|3|-0.04204|0|13|1,3
p57_parable|3|0.17759|0|14|1,2
p57_parable|3|-0.06591|0|15|
p57_parable|3|-0.18728|0|16|1
p57_parable|3|-0.37358|0|17|2,3
p57_parable|3|-0.37856|0|18|1,2,3
p57_parable|3|-0.43296|0|19|1,3
p57_parable|3|-0.61140|0|20|2,3
p57_parable|3|-0.68037|0|21|1
p57_parable|3|-0.83174|0|22|3
p57_parable|3|-1.22098|0|23|1
p57_parable|3|-0.93443|0|24|1,2,3
p57_parable|3|-0.97944|0|25|
p57_parable|3|-1.44224|0|26|1
p57_parable|3|-1.23847|0|27|2,3
p57_parable|3|-0.86554|0|28|1,2
p57_parable|3|-1.32874|0|29|
p57_parable|3|-1.51421|0|30|3
p57_parable|3|-1.56327|0|31|1,3
p57_parable|3|-1.34737|0|32|1,2,3
