p0-2|11|1.02962|0|2|1,3,6
p0-2|11|1.02962|0|2|1,2,6
p0-2|11|1.06398|0|3|1,2,3,4,5,9,11
p0-2|11|1.09805|0|4|1,2,3,5,7,9,10,11
p0-2|11|1.10103|0|5|1,4,7,8,9,10,11
p0-2|11|1.08440|0|6|2,3,5
p0-2|11|1.14928|0|7|1,3,4,9
p0-2|11|1.14928|0|7|1,2,4,9
p0-2|11|1.05357|0|8|1,4,5,11
p0-2|11|1.10676|0|9|3,8,9,10,11
p0-2|11|1.10676|0|9|2,8,9,10,11
p0-2|11|1.16925|0|10|3,5
p0-2|11|1.16925|0|10|2,5
p0-2|11|1.16753|0|11|3,7,8,10,11
p0-2|11|1.16753|0|11|2,7,8,10,11
p0-2|11|1.14474|0|12|4,5,6,11
p0-2|11|1.24162|0|13|2,3,6,7,8,10
p0-2|11|1.29464|0|14|1,3,4,10,11
p0-2|11|1.29464|0|14|1,2,4,10,11
p0-2|11|1.10246|0|15|4,5,8,9,10,11
p0-2|11|1.14725|0|16|1,2,3,5,7,9,10,11
p0-2|11|1.27473|0|17|1,3,4,5,9,11
p0-2|11|1.27473|0|17|1,2,4,5,9,11
p0-2|11|1.27473|0|17|1,2,3,5,9,11
p0-2|11|1.11834|0|18|7,9,10
p3-7|8|1.04931|0|2|1,4,5,7,8
p3-7|8|1.08597|0|3|2,5,6,7,8
p3-7|8|1.11017|0|4|1,2,4,8
p3-7|8|1.11853|0|5|2,3,4,5,6,7
p3-7|8|1.03273|0|6|2,4,6,7,8
p3-7|8|1.08855|0|7|4,5,7,8
p3-7|8|1.17182|0|8|1,3,4,5,6,7,8
p3-7|8|1.15061|0|9|2,5,6,7,8
p3-7|8|1.17636|0|10|2,3,4,5,6,7
p3-7|8|1.14571|0|11|5
p3-7|8|1.12583|0|12|5
p3-7|8|1.20330|0|13|3,4,6,7,8
p3-7|8|1.07998|0|14|3,6,7,8
p3-7|8|1.20015|0|15|2,3,4,5,6,8
p3-7|8|1.23400|0|16|2,3,4,5
p3-7|8|1.19376|0|17|1,2,4,8
p3-7|8|1.22469|0|18|2,5,6,7,8
p8-14|16|1.13226|0|2|1,3,6,8,9,10,13,15
p8-14|16|1.10848|0|3|1,2,3,5,6,7,9,10,12,13,14,15,16
p8-14|16|1.14149|0|4|1,3,6,8,9,10,11,12,13,14,15,16
p8-14|16|1.18149|0|5|2,7,8,9,13
p8-14|16|1.13826|0|6|1,2,3,5,6,7,9,10,12,13,16
p8-14|16|1.16241|0|7|1,2,3,4,6,7,8,9,11,12,14,15
p8-14|16|1.22611|0|8|1,2,4,6,8,9,11,12,16
p8-14|16|1.20313|0|9|1,2,3,9,10,12,14,16
p8-14|16|1.26278|0|10|1,2,5,6,7,8,9,10,11,12,14,15,16
p8-14|16|1.21074|0|11|1,2,3,4,5,6,7,8,11,13,14,16
p8-14|16|1.16055|0|12|1,6,7,8,10,12,13,16
p8-14|16|1.20645|0|13|1,5,6,7,8,9,10,11,14,16
p8-14|16|1.23288|0|14|1,3,4,5,6,7,8,9,14,15,16
p8-14|16|1.22854|0|15|2,5,6,7,8,9,12,13,14,15
p8-14|16|1.21460|0|16|1,3,4,5,8,10,11,12,16
p8-14|16|1.19674|0|17|1,3,4,5,6,7,8,10,13,14,15,16
p8-14|16|1.25467|0|18|3,6,7,8,10,11,13
p15-22|14|1.09088|0|2|1,2,3,4,5,6,7,11,13,14
p15-22|14|1.07317|0|3|1,2,7,11,13,14
p15-22|14|1.11598|0|4|1,2,3,4,5,6,7,11,13,14
p15-22|14|1.13586|0|5|1,3,6,7,8,9,10,12,13,14
p15-22|14|1.11242|0|6|1,2,5,11,13,14
p15-22|14|1.11240|0|7|2,3,5,6,9,10,11,12,13,14
p15-22|14|1.14750|0|8|2,3,4,5,6,8,11,13,14
p15-22|14|1.09542|0|9|2,6,12,13
p15-22|14|1.19286|0|10|3,4,6,7,8,9,11,13,14
p15-22|14|1.10674|0|11|1,2,3,4,7,10,11,12,13,14
p15-22|14|1.16669|0|12|1,2,3,4,5,8,11,13,14
p15-22|14|1.12814|0|13|1,4,6,7,9,10,12,13,14
p15-22|14|1.20203|0|14|1,3,5,6,9,10,11,12,13,14
p15-22|14|1.22927|0|15|1,2,3,6,7,8,9,10,11,13
p15-22|14|1.12810|0|16|1,2,3,5,6,7,11,13,14
p15-22|14|1.21908|0|17|1,4,9,14
p15-22|14|1.13725|0|18|2,7,11,13
p23-26|8|1.05761|0|2|1,2,3,5,7,8
p23-26|8|1.09096|0|3|1,2,3,4,5,6,8
p23-26|8|1.03724|0|4|1,2,3,5,7,8
p23-26|8|1.08340|0|5|2,3,4,5,8
p23-26|8|1.12359|0|6|1,2,6,8
p23-26|8|1.02422|0|7|1,2,3,5,8
p23-26|8|1.09573|0|8|7,8
p23-26|8|1.09597|0|9|5,6,8
p23-26|8|1.12498|0|10|2,5,6,7,8
p23-26|8|1.10635|0|11|2,3,6
p23-26|8|1.16623|0|12|5,7,8
p23-26|8|1.09422|0|13|1,4,5,6,7,8
p23-26|8|1.10940|0|14|1,2,3,4,7,8
p23-26|8|1.14697|0|15|1,3,4,5
p23-26|8|1.20788|0|16|1,2,5,7,8
p23-26|8|1.13326|0|17|1,2,4,5
p23-26|8|1.20210|0|18|2,3,5,7,8
p27-32|19|1.05319|0|2|3,5,6,8,10,11,12,13,14,15,16,18,19
p27-32|19|1.07221|0|3|2,3,6,7,8,13,14,15,16,18
p27-32|19|1.14035|0|4|3,5,6,7,10,12,14,15,17,18,19
p27-32|19|1.14035|0|4|3,5,6,7,10,11,14,15,17,18,19
p27-32|19|1.09238|0|5|1,4,5,6,7,8,12,13,14,15,17,19
p27-32|19|1.09238|0|5|1,4,5,6,7,8,11,13,14,15,17,19
p27-32|19|1.09238|0|5|1,3,5,6,7,8,12,13,14,15,17,19
p27-32|19|1.09238|0|5|1,3,5,6,7,8,11,13,14,15,17,19
p27-32|19|1.12115|0|6|1,3,6,7,8,13,18,19
p27-32|19|1.12115|0|6|1,3,5,6,8,13,18,19
p27-32|19|1.13904|0|7|1,3,5,6,7,8,9,10,12,14,15,16,18,19
p27-32|19|1.13904|0|7|1,3,5,6,7,8,9,10,11,14,15,16,18,19
p27-32|19|1.25751|0|8|2,3,5,7,9,10,11,12,13,14,15,16,19
p27-32|19|1.16807|0|9|1,3,4,6,7,8,12,14,15,17,18
p27-32|19|1.16807|0|9|1,3,4,6,7,8,11,14,15,17,18
p27-32|19|1.11243|0|10|1,13,15,16,19
p27-32|19|1.15821|0|11|1,5,9,10,13,17,19
p27-32|19|1.23993|0|12|2,5,6,8,10,11,12,13,17,18,19
p27-32|19|1.23182|0|13|1,3,4,5,6,7,8,9,11,12,13,15,16
p27-32|19|1.18456|0|14|3,5,9,10,11,12,13,14,15,16,17,18,19
p27-32|19|1.19664|0|15|1,5,6,7,8,9,11,12,16,17,18
p27-32|19|1.35179|0|16|3,4,5,7,9,10,16,19
p27-32|19|1.21779|0|17|2,3,10,11,12,13,14,15,16
p27-32|19|1.25125|0|18|1,5,6,8,10,11,12,14,18
p33-39|16|1.09018|0|2|1,2,3,4,6,7,8,10,11,14,15,16
p33-39|16|1.13309|0|3|1,4,5,6,7,8,11,12,13,14,16
p33-39|16|1.09632|0|4|1,2,3,4,5,6,11,12,16
p33-39|16|1.16150|0|5|1,2,4,5,7,8,12,14
p33-39|16|1.14961|0|6|1,3,4,5,6,7,8,9,10,11,12,13,14,16
p33-39|16|1.11747|0|7|1,2,3,8,12,15
p33-39|16|1.10790|0|8|1,2,3,4,7,10,12,16
p33-39|16|1.14803|0|9|1,2,3,5,6,9,10,11,13,14,16
p33-39|16|1.19473|0|10|1,2,3,4,7,8,12,13
p33-39|16|1.13929|0|11|1,2,3,4,5,6,7,8,9,10,11,12,13,15,16
p33-39|16|1.15208|0|12|1,3,4,5,6,7,8,9,10,11,12,13,14,15
p33-39|16|1.19567|0|13|1,3,4,12,13,14,15,16
p33-39|16|1.18052|0|14|2,4,5,6,10,12,14,15,16
p33-39|16|1.18438|0|15|4,7,9,12,14
p33-39|16|1.18110|0|16|1,2,3,6,7,8,9,10,12,13,14,15
p33-39|16|1.25033|0|17|1,6,7,8,10,11,13,14
p33-39|16|1.18160|0|18|1,2,4,7,8,9,10,13,14,16
p40-53|20|1.11885|0|2|1,2,5,9,10,13,14,15,16,17,18,19
p40-53|20|1.13839|0|3|1,2,6,7,11,13,14,15,16,17,19,20
p40-53|20|1.21513|0|4|2,3,7,8,11,12,13,14,15
p40-53|20|1.26053|0|5|9,10,11,12,14,15,16,17
p40-53|20|1.26053|0|5|9,10,11,12,13,15,16,17
p40-53|20|1.26053|0|5|9,10,11,12,13,14,16,17
p40-53|20|1.23681|0|6|1,2,6,8,11,13,14,15,16,17,19,20
p40-53|20|1.29472|0|7|2,3,11,13,14,15,16,17,19,20
p40-53|20|1.27256|0|8|3,5,7,8,15
p40-53|20|1.27256|0|8|3,5,7,8,14
p40-53|20|1.27256|0|8|3,5,7,8,13
p40-53|20|1.30300|0|9|2,3,6,7,11,15,19,20
p40-53|20|1.30300|0|9|2,3,6,7,11,14,19,20
p40-53|20|1.30300|0|9|2,3,6,7,11,13,19,20
p40-53|20|1.33207|0|10|9,10,11,12,14,15,16,19
p40-53|20|1.33207|0|10|9,10,11,12,13,15,16,19
p40-53|20|1.33207|0|10|9,10,11,12,13,14,16,19
p40-53|20|1.24848|0|11|1,2,3,4,7,8,10,11,12,13,14,15,17,19,20
p40-53|20|1.24848|0|11|1,2,3,4,7,8,9,11,12,13,14,15,17,19,20
p40-53|20|1.32440|0|12|3,4,7,8,10,12,14,15,19,20
p40-53|20|1.32440|0|12|3,4,7,8,10,12,13,15,19,20
p40-53|20|1.32440|0|12|3,4,7,8,10,12,13,14,19,20
p40-53|20|1.32440|0|12|3,4,7,8,9,12,14,15,19,20
p40-53|20|1.32440|0|12|3,4,7,8,9,12,13,15,19,20
p40-53|20|1.32440|0|12|3,4,7,8,9,12,13,14,19,20
p40-53|20|1.31043|0|13|6,10,11,12,15,17
p40-53|20|1.31043|0|13|6,10,11,12,14,17
p40-53|20|1.31043|0|13|6,10,11,12,13,17
p40-53|20|1.31043|0|13|6,9,11,12,15,17
p40-53|20|1.31043|0|13|6,9,11,12,14,17
p40-53|20|1.31043|0|13|6,9,11,12,13,17
p40-53|20|1.38641|0|14|1,2,3,4,5,7,8,11,14,15,17,19
p40-53|20|1.38641|0|14|1,2,3,4,5,7,8,11,14,15,17,19,20
p40-53|20|1.38641|0|14|1,2,3,4,5,7,8,11,13,15,17,19
p40-53|20|1.38641|0|14|1,2,3,4,5,7,8,11,13,15,17,19,20
p40-53|20|1.38641|0|14|1,2,3,4,5,7,8,11,13,14,17,19
p40-53|20|1.38641|0|14|1,2,3,4,5,7,8,11,13,14,17,19,20
p40-53|20|1.38430|0|15|1,2,4,5,6,7,8,11,12,14,15,16,18,19,20
p40-53|20|1.38430|0|15|1,2,4,5,6,7,8,11,12,13,15,16,18,19,20
p40-53|20|1.38430|0|15|1,2,4,5,6,7,8,11,12,13,14,16,18,19,20
p40-53|20|1.34643|0|16|3,14,15,17,18,19
p40-53|20|1.34643|0|16|3,13,15,17,18,19
p40-53|20|1.34643|0|16|3,13,14,17,18,19
p40-53|20|1.43055|0|17|2,4,5,6,7,8,14,15
p40-53|20|1.43055|0|17|2,4,5,6,7,8,13,15
p40-53|20|1.43055|0|17|2,4,5,6,7,8,13,14
p40-53|20|1.34342|0|18|1,2,5,7,8,9,10,11,12,13,14,15,17,19
p54-55|1|0.98941|0|2|1
p54-55|1|1.15449|0|3|1
p54-55|1|1.22878|0|4|
p54-55|1|1.27774|0|5|
p54-55|1|0.95956|0|6|1
p54-55|1|1.22616|0|7|
p54-55|1|1.25058|0|8|1
p54-55|1|1.00572|0|9|1
p54-55|1|1.21859|0|10|
p54-55|1|1.31818|0|11|1
p54-55|1|1.24669|0|12|
p54-55|1|0.95604|0|13|1
p54-55|1|1.45493|0|14|
p54-55|1|1.74921|0|15|
p54-55|1|1.36369|0|16|1
p54-55|1|0.90980|0|17|1
p54-55|1|0.59074|0|18|
p54-55|1|0.59074|0|18|1
p0-2|4|1.00931|28|2|2,3,4
p0-2|4|1.00931|28|2|1,3,4
p0-2|4|1.06150|28|3|2,3,4
p0-2|4|1.13616|28|4|1,2,3,4
p0-2|4|1.00780|28|5|1,3,4
p0-2|4|1.09060|28|6|2,3,4
p0-2|4|1.09970|28|7|4
p0-2|4|1.03387|28|8|1
p0-2|4|1.15155|28|9|2,3,4
p0-2|4|1.04358|28|10|1
p0-2|4|1.09335|28|11|1,2,3,4
p0-2|4|1.17018|28|12|2,3,4
p0-2|4|1.04517|28|13|3
p0-2|4|1.13895|28|14|4
p0-2|4|1.01500|28|15|1,3,4
p0-2|4|1.07240|28|16|1
p0-2|4|1.11851|28|17|2
p0-2|4|1.21866|28|18|2,3,4
p3-7|19|1.07344|28|2|1,2,5,6,7,9,10,12,14,15,18,19
p3-7|19|1.11135|28|3|3,7,8,12,15,17,19
p3-7|19|1.17105|28|4|1,2,6,7,8,9,10,16,18,19
p3-7|19|1.12447|28|5|4,5,11,14,16,18,19
p3-7|19|1.12463|28|6|4,7,8,12,14,15,16,17,18,19
p3-7|19|1.12463|28|6|3,7,8,12,14,15,16,17,18,19
p3-7|19|1.16838|28|7|1,3,5,6,7,8,10,11,13,16,17,18,19
p3-7|19|1.27942|28|8|2,3,4,6,12,14,15,16,17,18,19
p3-7|19|1.23035|28|9|1,2,3,4,5,6,7,8,9,10,11,12,13,14,19
p3-7|19|1.26208|28|10|4,6,7,8,9,10,11,13,14,15
p3-7|19|1.25138|28|11|7,9,12,13,14,17,18
p3-7|19|1.18072|28|12|5,7,8,9,10,11
p3-7|19|1.29304|28|13|1,3,4,6,9,10,11,14,15
p3-7|19|1.22728|28|14|1,4,6,7,8,9,11,12,13,16,17
p3-7|19|1.24378|28|15|4,10,11,12,16,18,19
p3-7|19|1.24378|28|15|4,9,11,12,16,18,19
p3-7|19|1.49728|28|16|2,3,4,5,12,14,15,16,17,18,19
p3-7|19|1.32704|28|17|3,5,6,8,9,11,12,13,15,17,18,19
p3-7|19|1.32704|28|17|3,4,5,6,9,10,11,12,14,15,17,18,19
p3-7|19|1.37732|28|18|2,4,7,8,9,10,12,13,15,18
p8-14|20|1.12077|28|2|1,2,3,4,5,6,7,8,9,10,11,12,13,14,15,16,17,18,20
p8-14|20|1.13594|28|3|1,3,4,7,8,9,10,12,15,17,18,19,20
p8-14|20|1.16255|28|4|1,2,3,4,5,6,7,8,9,10,11,12,15,16,18,19,20
p8-14|20|1.19520|28|5|1,4,5,6,7,8,10,11,13,19,20
p8-14|20|1.19010|28|6|1,3,4,5,6,9,10,12,15,17,18,19,20
p8-14|20|1.20332|28|7|3,4,5,6,7,10,11,13,14,16,17
p8-14|20|1.22960|28|8|1,3,4,5,6,12,16,17,18,20
p8-14|20|1.29480|28|9|2,8,10,15,16,17,18
p8-14|20|1.28901|28|10|2,3,4,6,7,9,10,11,13,20
p8-14|20|1.17813|28|11|1,3,4,5,6,10,11,12,16,17,18,19,20
p8-14|20|1.22560|28|12|1,2,3,4,5,8,10,11,13,14,15,19,20
p8-14|20|1.31897|28|13|1,2,4,5,6,10,11,12,13,14,15,19,20
p8-14|20|1.29720|28|14|1,3,4,8,9,10,11,12,13,14,15,17,18,20
p8-14|20|1.24321|28|15|1,3,10,11,12,13,14,15,16,17,18,19,20
p8-14|20|1.26757|28|16|1,2,3,4,5,6,7,8,9,12,13,14,15,16
p8-14|20|1.25109|28|17|2,5,6,8,12,13,15,16,17,19,20
p8-14|20|1.38135|28|18|2,8,9,15,17,19,20
p15-22|20|1.10966|28|2|1,2,3,4,5,7,8,9,10,12,13,15,16,17,19
p15-22|20|1.11939|28|3|1,2,3,4,5,6,7,8,9,11,12,13,15,16,17,18,19
p15-22|20|1.14538|28|4|3,4,5,7,8,12,13,17,19
p15-22|20|1.17506|28|5|1,3,5,7,9,10,11,12,16,17,19
p15-22|20|1.18532|28|6|5,7,8,15,16,17,19
p15-22|20|1.15236|28|7|1,5,7,8,9,10,12,13,14,15,16,17,18,19,20
p15-22|20|1.18432|28|8|2,5,7,10,12,13,15,17,18,20
p15-22|20|1.14115|28|9|1,2,5,6,7,9,10,11,12,13,15,16,17,18,19,20
p15-22|20|1.25311|28|10|1,3,5,7,9,10,11,12,15,18,19
p15-22|20|1.19502|28|11|1,2,3,4,5,7,8,9,11,12,15,19
p15-22|20|1.25113|28|12|1,2,6,7,8,9,10,11,13,15,16,17,18,19,20
p15-22|20|1.23071|28|13|3,5,8,9,10,11,12,16,19
p15-22|20|1.20358|28|14|1,2,3,5,8,10,12,13,14,15,16,17,18,19,20
p15-22|20|1.24412|28|15|1,3,5,8,9,10,11,12,16,17,19,20
p15-22|20|1.23067|28|16|1,3,4,5,7,9,10,12,17,19
p15-22|20|1.32339|28|17|1,2,4,5,6,8,9,10,14,15,18,20
p15-22|20|1.23919|28|18|1,2,3,5,6,7,9,10,11,13,14,15,16,20
p23-26|15|1.06082|28|2|1,2,4,5,7,8,10,11,12,14,15
p23-26|15|1.11313|28|3|1,2,4,6,10,11,12,14
p23-26|15|1.08880|28|4|2,3,4,5,7,8,9,11,12,14,15
p23-26|15|1.17715|28|5|4,5,8,9,11,12,14
p23-26|15|1.19683|28|6|1,2,4,6,10,11,12,14,15
p23-26|15|1.08234|28|7|1,2,3,4,5,6,7,12,13
p23-26|15|1.28938|28|8|3,4,5,6,7,8,9,10,13,15
p23-26|15|1.13646|28|9|4,6,9,11,12,13
p23-26|15|1.34316|28|10|1,2,3,4,5,6,7,8,9,11,12,13,14,15
p23-26|15|1.16246|28|11|2,4,5,6,7,9,13,14
p23-26|15|1.27079|28|12|1,3,4,5,8,14,15
p23-26|15|1.18288|28|13|4,7,8,9,10,14,15
p23-26|15|1.20219|28|14|1,4,5,6,9,13,14
p23-26|15|1.28136|28|15|1,2,4,6,7,8,9,10,11,12,14
p23-26|15|1.32508|28|16|3,7,8,9,10,13,15
p23-26|15|1.17516|28|17|1,2,4,7,8
p23-26|15|1.24256|28|18|1,2,4,6,9,11,12,13
p27-32|20|1.05089|28|2|1,3,4,5,6,7,9,10,11,12,13,14,15,17,18
p27-32|20|1.08340|28|3|3,5,6,8,10,11,14,16,18,20
p27-32|20|1.11506|28|4|2,3,8,9,12,13,15,16,17,18,20
p27-32|20|1.09953|28|5|1,3,4,5,7,8,11,12,13,16,18,19,20
p27-32|20|1.11661|28|6|1,3,4,5,7,8,9,10,11,12,13,14,15,17,18
p27-32|20|1.14869|28|7|2,6,7,8,9,11,13,14,15,17,18,19,20
p27-32|20|1.18607|28|8|2,3,8,9,13,14,15,16,17,18,20
p27-32|20|1.18136|28|9|3,5,7,8,9,16,18,19,20
p27-32|20|1.15243|28|10|1,3,4,5,7,8,11,12,13,14,15,17,18,19,20
p27-32|20|1.22536|28|11|1,2,3,4,5,6,8,10,11,13,14,16,17,19
p27-32|20|1.22416|28|12|2,7,8,9,13,14,15,16,18,19,20
p27-32|20|1.19703|28|13|2,3,4,5,6,7,9,12,14,15,16,17,18,19
p27-32|20|1.22333|28|14|1,4,6,8,9,10,13,14,15,17,18,19
p27-32|20|1.20573|28|15|1,2,4,5,7,9,11,12,14,15,18,19,20
p27-32|20|1.28958|28|16|5,6,9,10,18,20
p27-32|20|1.25702|28|17|1,3,4,5,6,7,8,9,10,17,18,19,20
p27-32|20|1.26355|28|18|4,5,6,14,15,16,18,19,20
p33-39|17|1.06774|28|2|1,2,3,4,5,6,7,8,10,11,12,14,16,17
p33-39|17|1.11349|28|3|1,2,4,6,7,8,10,11,16,17
p33-39|17|1.06605|28|4|1,2,3,4,5,6,7,8,10,11,12,14,16,17
p33-39|17|1.14236|28|5|3,6,9,10,11,12,13,16,17
p33-39|17|1.13199|28|6|1,2,4,6,7,8,10,11,16,17
p33-39|17|1.12547|28|7|3,4,5,6,10,12,16
p33-39|17|1.09289|28|8|1,2,4,9,10,11,16
p33-39|17|1.15092|28|9|1,4,5,6,8,9,11,12,15,17
p33-39|17|1.17367|28|10|1,2,3,4,5,6,13,14,15,17
p33-39|17|1.17367|28|10|1,2,3,4,5,6,13,14,15,16,17
p33-39|17|1.14323|28|11|1,2,3,4,5,7,10,11,13,15,16,17
p33-39|17|1.14214|28|12|4,10,14
p33-39|17|1.17247|28|13|4,7,13,14,15,16,17
p33-39|17|1.17465|28|14|3,4,5,6,10,14,15
p33-39|17|1.17012|28|15|3,4,5,6,15,17
p33-39|17|1.13513|28|16|1,2,4,9,11,16,17
p33-39|17|1.14142|28|17|2,5,7,8,9,10,13,15,17
p33-39|17|1.20992|28|18|1,2,3,4,6,7,9,11,12,16,17
p40-53|20|1.10588|28|2|2,3,4,7,8,9,10,11,13,16,17,18,19,20
p40-53|20|1.10588|28|2|2,3,4,7,8,9,10,11,12,16,17,18,19,20
p40-53|20|1.10167|28|3|2,3,4,5,7,8,9,10,13,16,17,18,19,20
p40-53|20|1.10167|28|3|2,3,4,5,7,8,9,10,12,16,17,18,19,20
p40-53|20|1.14897|28|4|2,3,4,9,10,11,12,13,15,16,17,18
p40-53|20|1.13248|28|5|1,2,7,8,11,12,13,14,15,16,17,19
p40-53|20|1.21390|28|6|2,3,4,7,8,9,10,11,13,16,17,18,19,20
p40-53|20|1.21390|28|6|2,3,4,7,8,9,10,11,12,16,17,18,19,20
p40-53|20|1.17103|28|7|5,6,7,8,9,10,12,13,14,18,19
p40-53|20|1.18246|28|8|2,3,4,9,10,11,13,14,15,16,17,18
p40-53|20|1.18246|28|8|2,3,4,9,10,11,12,14,15,16,17,18
p40-53|20|1.12392|28|9|1,2,3,4,5,6,8,9,10,12,13,14,15,16,17
p40-53|20|1.22110|28|10|2,6,7,8,9,10,11,12,13,14,15,16,17,18,19,20
p40-53|20|1.11805|28|11|1,2,3,4,5,6,7,9,10,11,12,13,14,15,16,18,19
p40-53|20|1.22088|28|12|2,3,4,5,6,7,8,9,10,16,17,20
p40-53|20|1.16097|28|13|1,2,6,7,8,9,10,11,14,15,20
p40-53|20|1.26410|28|14|2,3,4,7,8,9,10,11,13,17,18,19
p40-53|20|1.26410|28|14|2,3,4,7,8,9,10,11,12,17,18,19
p40-53|20|1.22625|28|15|2,7,8,13,15,20
p40-53|20|1.22625|28|15|2,7,8,12,15,20
p40-53|20|1.28567|28|16|2,3,4,9,10,11,13,14,15,16,17,18
p40-53|20|1.28567|28|16|2,3,4,9,10,11,12,14,15,16,17,18
p40-53|20|1.24748|28|17|1,2,3,13,16,19,20
p40-53|20|1.24748|28|17|1,2,3,12,16,19,20
p40-53|20|1.18625|28|18|2,3,4,5,6,7,8,9,10,16,17,18,19,20
p54-55|6|1.09850|28|2|1,6
p54-55|6|1.25572|28|3|3,4,6
p54-55|6|1.27340|28|4|6
p54-55|6|1.41148|28|5|1,2
p54-55|6|1.21544|28|6|3,4,6
p54-55|6|1.41130|28|7|1,5
p54-55|6|1.52943|28|8|2
p54-55|6|1.34747|28|9|1,3,4,6
p54-55|6|1.48222|28|10|1,2,6
p54-55|6|1.46465|28|11|4
p54-55|6|1.40013|28|12|6
p54-55|6|1.56685|28|13|1,2,3,4,5,6
p54-55|6|1.84949|28|14|1,6
p54-55|6|1.78603|28|15|4,5,6
p54-55|6|1.82976|28|16|2,3,4,6
p54-55|6|1.25098|28|17|1,2,3,5,6
p54-55|6|1.18148|28|18|3,4,6
p54-55|6|1.18148|28|18|3,4,5
p54-55|6|1.18148|28|18|3,4,5,6
